image_width: 640
image_height: 480
camera_name: camera
camera_matrix:
  rows: 3
  cols: 3
  data: [636.454710, 0.000000, 307.448628, 0.000000, 630.950383, 235.297077, 0.000000, 0.000000, 1.000000]
distortion_model: plumb_bob
distortion_coefficients:
  rows: 1
  cols: 5
  data: [-0.006626, -0.123577, -0.001085, 0.000374, 0.000000]
rectification_matrix:
  rows: 3
  cols: 3
  data: [1.000000, 0.000000, 0.000000, 0.000000, 1.000000, 0.000000, 0.000000, 0.000000, 1.000000]
projection_matrix:
  rows: 3
  cols: 4
  data: [630.059631, 0.000000, 307.161570, 0.000000, 0.000000, 628.642212, 234.934344, 0.000000, 0.000000, 0.000000, 1.000000, 0.000000]
